F002,F003,F001
60.0,60.0,60.0
60.0,60.0,60.0
60.0,60.0,60.0
60.0,60.0,60.0
60.0,60.0,60.0
60.0,60.0,60.0
60.0,60.0,60.0
60.0,60.0,60.0
60.0,60.0,60.0
60.0,60.0,60.0
60.0,60.0,120.0
60.0,60.0,120.0
60.0,60.0,120.0
120.0,90.0,120.0
120.0,90.0,120.0
120.0,120.0,120.0
120.0,120.0,120.0
120.0,120.0,120.0
120.0,120.0,120.0
120.0,120.0,120.0
120.0,120.0,120.0
120.0,120.0,120.0
120.0,120.0,120.0
120.0,120.0,120.0
120.0,120.0,120.0
120.0,120.0,120.0
120.0,120.0,120.0
120.0,120.0,120.0
120.0,120.0,120.0
120.0,120.0,120.0
120.0,120.0,120.0
120.0,120.0,120.0
120.0,120.0,120.0
120.0,120.0,120.0
120.0,120.0,120.0
120.0,120.0,120.0
120.0,120.0,120.0
120.0,120.0,120.0
120.0,120.0,120.0
120.0,120.0,120.0
120.0,120.0,120.0
120.0,120.0,120.0
120.0,120.0,120.0
120.0,120.0,120.0
